Trained on all 5000 (in orig. order), tested on 5000 in mixed order, tol=10e-4
[ 0.998  0.996  0.996  0.99   0.994  1.     0.994  0.994  1.     0.984]

Trained on 4500 in mixed order, tested on 500 in mixed order, tol=10e-3
[ 1.    0.92  0.84  0.94  1.    0.8   0.96  0.9   0.88  0.82] <-- HL pic
[ 1.    0.94  0.84  0.9   1.    0.86  0.92  0.88  0.86  0.82] 

Trained on 4500 in mixed order, tested on 500 in mixed order, tol=10e-2
[ 0.    1.    0.    0.    0.08  0.    0.    0.    0.    0.  ]
[ 0.  0.  0.  0.  0.  0.  1.  0.  0.  0.]
[ 0.  0.  0.  0.  0.  0.  0.  0.  0.  1.] <-- HL pic

Trained on 4500 in mixed order, tested on 500 in mixed order, tol=10e-4
[ 1.    0.92  0.92  0.98  1.    0.96  0.96  0.96  0.96  0.96]

Trained on 4500 in mixed order, tested on 500 in mixed order, no tol
[ 1.    0.92  0.92  0.98  1.    0.98  0.98  0.94  0.98  0.94]

Trained on 4500 in mixed order, tested on 500 in mixed order, tol=0
[ 1.    0.98  0.82  0.88  0.98  0.92  0.94  0.96  0.88  0.98]


Reverse Propagation:
0
[ 0.73314908  0.00805775  0.00215607  0.00091405  0.00404813  0.01186563 0.00141346  0.00595548  0.000207    0.00198292]
1
[ 0.00032019  0.96241484  0.00044785  0.00007297  0.0022549   0.01940793 0.0005833   0.00242801  0.00001354  0.00094198]

2
[ 0.00018648  0.0011387   0.99473014  0.0001149   0.00128525  0.00419275 0.00058668  0.00129992  0.00001113  0.00020219]

3
[ 0.00026444  0.00592267  0.0008752   0.93110739  0.00405756  0.00930494 0.00114766  0.00605033  0.00005896  0.00036863]

4
[ 0.00004302  0.00125485  0.001161    0.00014906  0.98883836  0.00384799  0.00037307  0.00224442  0.00001053  0.00215142]

5
[ 0.00019891  0.00343341  0.00035435  0.00021848  0.00153284  0.99563546  0.00036901  0.00220887  0.0000219   0.00032046]

6
[ 0.00005659  0.00190516  0.00111758  0.00009635  0.00367413  0.00859801 0.82109434  0.00240647  0.00000324  0.00033466]

7
[ 0.00014128  0.00261487  0.00059594  0.00016392  0.00163181  0.00379474 0.0004515   0.99463583  0.0000252   0.00029702]

8
[ 0.00010818  0.00266544  0.00075211  0.00009889  0.00442395  0.04376797 0.00355584  0.0013806   0.91797483  0.00030144]
9
[ 0.00004301  0.00147344  0.00040959  0.00007091  0.0037166   0.01413552  0.00078946  0.00218029  0.00001246  0.97585318]



'Real' data values to revprop:


4
[  2.56852190e-04   2.63888030e-05   7.60520002e-06   1.13514545e-03   9.88909750e-01   6.64015938e-05   2.64502792e-03   1.54076798e-02   7.97369148e-04   7.36926608e-02]
Output
[ 0.00004216  0.00033761  0.00103283  0.0002451   0.79830697  0.00846491  0.00103757  0.02380527  0.00000401  0.00073596]

5
[  1.43850154e-03   1.01645533e-02   7.56258168e-06   4.81185501e-03   6.31848267e-02   9.55238202e-01   7.23798187e-05   1.45709735e-05   8.95907979e-03   4.42452624e-04]
Output
[ 0.00011294  0.02219207  0.0001253   0.0248005   0.16438165  0.9999396  0.00003231  0.00002381  0.00001343  0.00004924]

7
[  1.42342477e-04   2.33152185e-05   2.21422384e-03   3.23332339e-03   7.31153401e-06   3.74366223e-04   7.95869023e-07   9.99474864e-01   1.54622032e-05   3.01089438e-04]
Output
[ 0.00003045  0.00540346  0.15822394  0.00119524  0.00006347  0.07838416  0.00001189  0.97879684  0.00000002  0.00010107]

9
[  2.05253826e-06   2.72981674e-02   6.61460599e-07   4.41995022e-03   1.67279243e-02   2.14685634e-03   1.35228953e-04   7.53120581e-04   2.66849783e-03   9.90142557e-01]
Output
[ 0.00000045  0.07408089  0.00013785  0.00235172  0.01733988  0.44305039  0.00010613  0.00106225  0.00000204  0.81689147]


Averaged "Real" Datavalues
0
[  9.33351567e-01,  9.24485052e-05,  5.31694064e-03,  2.68225924e-03,   1.02770957e-04,  5.53788870e-03,  6.31428199e-03,  6.05828357e-03,   1.38082498e-03,  7.79217356e-03]
out
[ 0.06227974, 0.0004979 , 0.08722093, 0.00002097, 0.00019743, 0.17540247,  0.00343079, 0.00907797, 0.00000004, 0.00046964]
out2
[ 0.00137995, 0.00578149, 0.60790075, 0.00000399, 0.00114223, 0.77938978,  0.00240455, 0.00723017, 0.        , 0.0001017 ]

1
[  4.29517669e-04,  9.60172587e-01,  1.31682708e-02,  8.61607644e-03,   1.71554492e-03,  6.38100041e-04,  2.83792913e-03,  1.41590104e-02,   6.35756155e-03,  1.59227230e-03]
out
[ 0.00001332, 0.96652519, 0.03270963, 0.00011457, 0.00163005, 0.00822969,  0.00133391, 0.01446254, 0.00000347, 0.00010727]


2
[  8.30714231e-03,  6.10589842e-03,  9.04643173e-01,  9.02496893e-03,   2.68774642e-02,  9.02474793e-04,  9.16274296e-03,  5.13640463e-03,   1.71134482e-02,  1.45749526e-03]
out
[ 0.00011113, 0.00213016, 0.98830105, 0.00014347, 0.01522278, 0.00365089,  0.00285824, 0.0014733 , 0.00000167, 0.00010509]


3
[  3.72642259e-03,  2.58019391e-03,  9.34899206e-03,  8.75294055e-01,   1.83352066e-03,  2.92327749e-02,  6.99613542e-05,  1.43447250e-03,   7.18752968e-03,  1.02925693e-02]
out
[ 0.0000179 , 0.00255099, 0.02543142, 0.26704839, 0.00165221, 0.71355137,  0.00002537, 0.00072415, 0.00000019, 0.00226386]


4
[  5.84374431e-04,  1.85446515e-03,  6.82540193e-04,  2.21170151e-03,   8.87898381e-01,  1.54059619e-02,  9.28748750e-03,  1.00901644e-02,   1.16985398e-02,  4.41405974e-02]
out
[ 0.00000344, 0.00224354, 0.01036169, 0.00014398, 0.85130965, 0.19543485,  0.0006088 , 0.00256793, 0.00000307, 0.00085359]


5
[ 0.00325081, 0.0050009 , 0.00529067, 0.01476777, 0.02064811, 0.85553745,  0.00947317, 0.00166965, 0.01229971, 0.0092758 ]
out
[ 0.00000198, 0.0012545 , 0.00958315, 0.00089988, 0.00404495, 0.99991107,  0.00103058, 0.00005151, 0.00000024, 0.00016254]


6
[  1.16680420e-03,  1.89390485e-03,  2.19593564e-02,  1.22294422e-04,  1.48611741e-02,  8.06453403e-03,  9.44911631e-01,  3.59510938e-04,   3.56636506e-03,  3.93952525e-03]
out
[ 0.00002173, 0.01056668, 0.08383003, 0.0000084 , 0.00270997, 0.16216252,  0.81860729, 0.00047304, 0.00000262, 0.00012941]


7
[  2.99503448e-03,  2.23139031e-03,  3.96616530e-03,  1.70763008e-02,   4.92664699e-03,  5.50184564e-03,  9.32494211e-05,  9.38555211e-01,   1.11728791e-03,  2.71928915e-02]
out
[ 0.00002172, 0.00333026, 0.07363005, 0.00067986, 0.00014987, 0.13516196,  0.00000249, 0.98228977, 0.00000001, 0.0009444 ]


8
[  5.28941502e-03,  1.32764087e-03,  1.83220753e-02,  1.35873996e-02,   7.91386157e-04,  1.56445941e-02,  9.29255109e-03,  8.45206203e-04,   8.85134810e-01,  1.71522334e-02]
out
[ 0.00003089, 0.00018775, 0.4099991 , 0.00076154, 0.00004855, 0.35545859,  0.0022042 , 0.00009305, 0.0129572 , 0.00225025]


9
[ 0.00254025, 0.00097526, 0.0017331 , 0.00384313, 0.02388202, 0.00401069,  0.00208906, 0.03406582, 0.00592948, 0.91738583]
out
[ 0.00002951, 0.00078024, 0.02762909, 0.00012767, 0.00229291, 0.04555696,  0.00011088, 0.01753525, 0.00000252, 0.75265667]






MNIST data:
trained on 50, tested on 59950, tol=10e-4
[ 0.58935811  0.95026722  0.58971774  0.77073808  0.53356164  0.27843427  0.73963796  0.68631209  0.42429427  0.53658537]	0.60989067516

trained on 50, tested on 59950, tol=10e-3
[ 0.62314189, 0.95828385, 0.51982527, 0.75685826, 0.50753425, 0.31554653,  0.72576552, 0.68183996, 0.40650128, 0.50025231]

trained on 500, tested on 59500, tol=10e-3
[ 0.72656117, 0.94826555, 0.75279377, 0.32714121, 0.7275082 , 0.35949414,  0.63107624, 0.65636071, 0.47200689, 0.57694915]	0.617815703979



